[gd_scene load_steps=56 format=2]

[ext_resource path="res://Scenes/Landscape/Landscape.tscn" type="PackedScene" id=1]
[ext_resource path="res://Scenes/Player/Player.tscn" type="PackedScene" id=2]
[ext_resource path="res://Assets/Fonts/ui_title.tres" type="DynamicFont" id=3]
[ext_resource path="res://Scenes/Misc/Barrier/Barrier.tscn" type="PackedScene" id=4]
[ext_resource path="res://Shaders/pixelated_shader_material.tres" type="Material" id=5]
[ext_resource path="res://Scenes/Barn/Barn.tscn" type="PackedScene" id=6]
[ext_resource path="res://Shaders/4color_shader_material.tres" type="Material" id=7]
[ext_resource path="res://Scenes/Misc/Wooden Fence/wooden_fence_large.glb" type="PackedScene" id=8]
[ext_resource path="res://Scenes/Cemetery Gate/Cemetery Gate.tscn" type="PackedScene" id=9]
[ext_resource path="res://Scenes/Misc/Trees/tree_a.glb" type="PackedScene" id=10]
[ext_resource path="res://Scenes/Misc/Graveyard Parts/SkeletonGrave.tscn" type="PackedScene" id=11]
[ext_resource path="res://Scenes/Misc/Wooden Fence/wooden_fence_corner.glb" type="PackedScene" id=12]
[ext_resource path="res://Scenes/Wanderer/Wanderer.tscn" type="PackedScene" id=13]
[ext_resource path="res://Scenes/Main.gd" type="Script" id=14]
[ext_resource path="res://Scenes/Misc/Trees/tree_cluster.glb" type="PackedScene" id=15]
[ext_resource path="res://Scenes/Misc/Campfire/Campfire.tscn" type="PackedScene" id=16]
[ext_resource path="res://Scenes/Misc/Graveyard Parts/fence.glb" type="PackedScene" id=17]
[ext_resource path="res://Scenes/Misc/Trees/tree_c.glb" type="PackedScene" id=18]
[ext_resource path="res://Scenes/Misc/Graveyard Parts/simpleGravestone.glb" type="PackedScene" id=19]
[ext_resource path="res://Scenes/Misc/Graveyard Parts/gravestoneMonument.glb" type="PackedScene" id=20]
[ext_resource path="res://Scenes/Misc/Graveyard Parts/crossStone.glb" type="PackedScene" id=21]
[ext_resource path="res://Scenes/Misc/Graveyard Parts/tStone.glb" type="PackedScene" id=22]
[ext_resource path="res://Scenes/Misc/Trees/tree_b.glb" type="PackedScene" id=23]
[ext_resource path="res://Scenes/Misc/Wooden Fence/wooden_fence_small.glb" type="PackedScene" id=24]
[ext_resource path="res://Scenes/Blood Trails/Blood Footprints.tscn" type="PackedScene" id=25]
[ext_resource path="res://Scenes/Misc/Graveyard Parts/Epitaph.tscn" type="PackedScene" id=26]
[ext_resource path="res://Assets/Fonts/ui_medium.tres" type="DynamicFont" id=27]
[ext_resource path="res://Assets/Music/theme.mp3" type="AudioStream" id=28]
[ext_resource path="res://editor_env.tres" type="Environment" id=29]
[ext_resource path="res://Scenes/Blood Trails/Blood Footprints Small.tscn" type="PackedScene" id=30]
[ext_resource path="res://Scenes/Debug Warp Point/DebugWarpPoint.tscn" type="PackedScene" id=31]
[ext_resource path="res://Scenes/Forest Warp Trigger/Forest Warp Trigger.tscn" type="PackedScene" id=32]
[ext_resource path="res://Scenes/Blood Trails/Blood Splatters Small.tscn" type="PackedScene" id=33]
[ext_resource path="res://Assets/Sounds/static/fadein.wav" type="AudioStream" id=34]
[ext_resource path="res://Assets/Sounds/static/shortburst.wav" type="AudioStream" id=35]
[ext_resource path="res://Scenes/Misc/Rocks/rock.glb" type="PackedScene" id=36]
[ext_resource path="res://Scenes/PauseCanvas.gd" type="Script" id=37]
[ext_resource path="res://Scenes/Misc/Book/Book.tscn" type="PackedScene" id=38]
[ext_resource path="res://Scenes/Credits.gd" type="Script" id=39]
[ext_resource path="res://Scenes/Skeleton/skeleton_sitting.glb" type="PackedScene" id=40]
[ext_resource path="res://Scenes/Pursuer/PursuerSpawner.tscn" type="PackedScene" id=41]
[ext_resource path="res://Assets/Sounds/ambient/light.wav" type="AudioStream" id=42]
[ext_resource path="res://Assets/Sounds/ambient/heavy.wav" type="AudioStream" id=43]
[ext_resource path="res://Scenes/AmbientSoundPlayer.gd" type="Script" id=44]
[ext_resource path="res://Scenes/Pursuer/PursuerShield.tscn" type="PackedScene" id=45]
[ext_resource path="res://Scenes/Lamp/Lamp.tscn" type="PackedScene" id=46]
[ext_resource path="res://Scenes/ClickToStartCanvas.gd" type="Script" id=47]
[ext_resource path="res://Assets/Fonts/ui_small.tres" type="DynamicFont" id=48]

[sub_resource type="Animation" id=1]
resource_name = "fade_in"
length = 6.0
tracks/0/type = "value"
tracks/0/path = NodePath("ColorRect:color")
tracks/0/interp = 1
tracks/0/loop_wrap = true
tracks/0/imported = false
tracks/0/enabled = true
tracks/0/keys = {
"times": PoolRealArray( 0, 6 ),
"transitions": PoolRealArray( 1, 1 ),
"update": 0,
"values": [ Color( 0, 0, 0, 1 ), Color( 0, 0, 0, 0 ) ]
}

[sub_resource type="Animation" id=2]
resource_name = "fade_out"
length = 6.0
tracks/0/type = "value"
tracks/0/path = NodePath("ColorRect:color")
tracks/0/interp = 1
tracks/0/loop_wrap = true
tracks/0/imported = false
tracks/0/enabled = true
tracks/0/keys = {
"times": PoolRealArray( 0, 6 ),
"transitions": PoolRealArray( 1, 1 ),
"update": 0,
"values": [ Color( 0, 0, 0, 0 ), Color( 0, 0, 0, 1 ) ]
}

[sub_resource type="Animation" id=3]
length = 10.0
tracks/0/type = "bezier"
tracks/0/path = NodePath("Camera:translation:x")
tracks/0/interp = 1
tracks/0/loop_wrap = true
tracks/0/imported = false
tracks/0/enabled = true
tracks/0/keys = {
"points": PoolRealArray( -62.418, -0.25, 0, 3.76751, 1.918, -57.502, -4.84368, -1.998, 0.25, 0 ),
"times": PoolRealArray( 0, 10 )
}
tracks/1/type = "bezier"
tracks/1/path = NodePath("Camera:translation:y")
tracks/1/interp = 1
tracks/1/loop_wrap = true
tracks/1/imported = false
tracks/1/enabled = true
tracks/1/keys = {
"points": PoolRealArray( 17.011, -0.25, 0, 0.25, 0, 17.011, -0.25, 0, 0.25, 0 ),
"times": PoolRealArray( 0, 10 )
}
tracks/2/type = "bezier"
tracks/2/path = NodePath("Camera:translation:z")
tracks/2/interp = 1
tracks/2/loop_wrap = true
tracks/2/imported = false
tracks/2/enabled = true
tracks/2/keys = {
"points": PoolRealArray( -41.167, -0.25, 0, 0.25, 0, -41.167, -0.25, 0, 0.25, 0 ),
"times": PoolRealArray( 0, 10 )
}
tracks/3/type = "bezier"
tracks/3/path = NodePath("Camera:rotation_degrees:x")
tracks/3/interp = 1
tracks/3/loop_wrap = true
tracks/3/imported = false
tracks/3/enabled = true
tracks/3/keys = {
"points": PoolRealArray( -3.788, -0.25, 0, 0.25, 0, -3.788, -0.25, 0, 0.25, 0 ),
"times": PoolRealArray( 0, 10 )
}
tracks/4/type = "bezier"
tracks/4/path = NodePath("Camera:rotation_degrees:y")
tracks/4/interp = 1
tracks/4/loop_wrap = true
tracks/4/imported = false
tracks/4/enabled = true
tracks/4/keys = {
"points": PoolRealArray( -16.569, -0.25, 0, 4.46191, 1.06901, 12.807, -5.09485, -0.307, 0.25, 0 ),
"times": PoolRealArray( 0, 10 )
}
tracks/5/type = "bezier"
tracks/5/path = NodePath("Camera:rotation_degrees:z")
tracks/5/interp = 1
tracks/5/loop_wrap = true
tracks/5/imported = false
tracks/5/enabled = true
tracks/5/keys = {
"points": PoolRealArray( 0, -0.25, 0, 0.25, 0, 0, -0.25, 0, 0.25, 0 ),
"times": PoolRealArray( 0, 10 )
}
tracks/6/type = "value"
tracks/6/path = NodePath("Overlay:color")
tracks/6/interp = 1
tracks/6/loop_wrap = true
tracks/6/imported = false
tracks/6/enabled = true
tracks/6/keys = {
"times": PoolRealArray( 0, 1, 9, 10 ),
"transitions": PoolRealArray( 1, 1, 1, 1 ),
"update": 0,
"values": [ Color( 0, 0, 0, 1 ), Color( 0, 0, 0, 0 ), Color( 0, 0, 0, 0 ), Color( 0, 0, 0, 1 ) ]
}

[sub_resource type="Animation" id=4]
length = 10.0
tracks/0/type = "bezier"
tracks/0/path = NodePath("Camera:translation:x")
tracks/0/interp = 1
tracks/0/loop_wrap = true
tracks/0/imported = false
tracks/0/enabled = true
tracks/0/keys = {
"points": PoolRealArray( -24.898, -0.25, 0, 0.25, 0, -24.81, -0.25, 0, 0.25, 0 ),
"times": PoolRealArray( 0, 10 )
}
tracks/1/type = "bezier"
tracks/1/path = NodePath("Camera:translation:y")
tracks/1/interp = 1
tracks/1/loop_wrap = true
tracks/1/imported = false
tracks/1/enabled = true
tracks/1/keys = {
"points": PoolRealArray( 17.528, -2.45258, -0.972, 2.45258, 0.972, 11.983, -6.49843, 0.517, 6.49843, -0.517 ),
"times": PoolRealArray( 0, 10 )
}
tracks/2/type = "bezier"
tracks/2/path = NodePath("Camera:translation:z")
tracks/2/interp = 1
tracks/2/loop_wrap = true
tracks/2/imported = false
tracks/2/enabled = true
tracks/2/keys = {
"points": PoolRealArray( -23.026, -0.25, 0, 0.25, 0, -23.013, -0.25, 0, 0.25, 0 ),
"times": PoolRealArray( 0, 10 )
}
tracks/3/type = "bezier"
tracks/3/path = NodePath("Camera:rotation_degrees:x")
tracks/3/interp = 1
tracks/3/loop_wrap = true
tracks/3/imported = false
tracks/3/enabled = true
tracks/3/keys = {
"points": PoolRealArray( -42.155, -1.77295, 0.345001, 1.77295, -0.345001, -8.462, -4.81413, -1.038, 4.81413, 1.038 ),
"times": PoolRealArray( 0, 10 )
}
tracks/4/type = "bezier"
tracks/4/path = NodePath("Camera:rotation_degrees:y")
tracks/4/interp = 1
tracks/4/loop_wrap = true
tracks/4/imported = false
tracks/4/enabled = true
tracks/4/keys = {
"points": PoolRealArray( 9.405, -0.25, 0, 0.25, 0, 9.405, -0.25, 0, 0.25, 0 ),
"times": PoolRealArray( 0, 10 )
}
tracks/5/type = "bezier"
tracks/5/path = NodePath("Camera:rotation_degrees:z")
tracks/5/interp = 1
tracks/5/loop_wrap = true
tracks/5/imported = false
tracks/5/enabled = true
tracks/5/keys = {
"points": PoolRealArray( 0, -0.25, 0, 0.25, 0, 0, -0.25, 0, 0.25, 0 ),
"times": PoolRealArray( 0, 10 )
}
tracks/6/type = "value"
tracks/6/path = NodePath("Overlay:color")
tracks/6/interp = 1
tracks/6/loop_wrap = true
tracks/6/imported = false
tracks/6/enabled = true
tracks/6/keys = {
"times": PoolRealArray( 0, 1, 9, 10 ),
"transitions": PoolRealArray( 1, 1, 1, 1 ),
"update": 0,
"values": [ Color( 0, 0, 0, 1 ), Color( 0, 0, 0, 0 ), Color( 0, 0, 0, 0 ), Color( 0, 0, 0, 1 ) ]
}

[sub_resource type="Animation" id=5]
resource_name = "cemetery"
length = 10.0
tracks/0/type = "bezier"
tracks/0/path = NodePath("Camera:translation:x")
tracks/0/interp = 1
tracks/0/loop_wrap = true
tracks/0/imported = false
tracks/0/enabled = true
tracks/0/keys = {
"points": PoolRealArray( 26.533, -0.25, 0, 6.73462, 0.466999, 36.682, -6.40985, 0.318001, 0.25, 0 ),
"times": PoolRealArray( 0, 10 )
}
tracks/1/type = "bezier"
tracks/1/path = NodePath("Camera:translation:y")
tracks/1/interp = 1
tracks/1/loop_wrap = true
tracks/1/imported = false
tracks/1/enabled = true
tracks/1/keys = {
"points": PoolRealArray( 5.552, -0.25, 0, 0.25, 0, 9.76, -0.25, 0, 0.25, 0 ),
"times": PoolRealArray( 0, 10 )
}
tracks/2/type = "bezier"
tracks/2/path = NodePath("Camera:translation:z")
tracks/2/interp = 1
tracks/2/loop_wrap = true
tracks/2/imported = false
tracks/2/enabled = true
tracks/2/keys = {
"points": PoolRealArray( -17.6, -0.25, 0, 5.00145, 0.6, 29.786, -7.72211, 0.214001, 0.25, 0 ),
"times": PoolRealArray( 0, 10 )
}
tracks/3/type = "bezier"
tracks/3/path = NodePath("Camera:rotation_degrees:x")
tracks/3/interp = 1
tracks/3/loop_wrap = true
tracks/3/imported = false
tracks/3/enabled = true
tracks/3/keys = {
"points": PoolRealArray( -3.788, -0.25, 0, 0.25, 0, -3.788, -0.25, 0, 0.25, 0 ),
"times": PoolRealArray( 0, 10 )
}
tracks/4/type = "bezier"
tracks/4/path = NodePath("Camera:rotation_degrees:y")
tracks/4/interp = 1
tracks/4/loop_wrap = true
tracks/4/imported = false
tracks/4/enabled = true
tracks/4/keys = {
"points": PoolRealArray( -4.777, -0.25, 0, 0.25, 0, 12.807, -5.09485, -0.307, 0.25, 0 ),
"times": PoolRealArray( 0, 10 )
}
tracks/5/type = "bezier"
tracks/5/path = NodePath("Camera:rotation_degrees:z")
tracks/5/interp = 1
tracks/5/loop_wrap = true
tracks/5/imported = false
tracks/5/enabled = true
tracks/5/keys = {
"points": PoolRealArray( 0, -0.25, 0, 0.25, 0, 0, -0.25, 0, 0.25, 0 ),
"times": PoolRealArray( 0, 10 )
}
tracks/6/type = "value"
tracks/6/path = NodePath("Overlay:color")
tracks/6/interp = 1
tracks/6/loop_wrap = true
tracks/6/imported = false
tracks/6/enabled = true
tracks/6/keys = {
"times": PoolRealArray( 0, 1, 9, 10 ),
"transitions": PoolRealArray( 1, 1, 1, 1 ),
"update": 0,
"values": [ Color( 0, 0, 0, 1 ), Color( 0, 0, 0, 0 ), Color( 0, 0, 0, 0 ), Color( 0, 0, 0, 1 ) ]
}

[sub_resource type="Animation" id=6]
length = 720.0
tracks/0/type = "value"
tracks/0/path = NodePath(".:translation")
tracks/0/interp = 1
tracks/0/loop_wrap = true
tracks/0/imported = false
tracks/0/enabled = true
tracks/0/keys = {
"times": PoolRealArray( 0, 360, 720 ),
"transitions": PoolRealArray( 1, 1, 1 ),
"update": 0,
"values": [ Vector3( -52.4333, 13.268, 159.308 ), Vector3( -161.235, 12.097, -81.7368 ), Vector3( -52.4333, 13.268, 159.308 ) ]
}
tracks/1/type = "value"
tracks/1/path = NodePath(".:rotation_degrees")
tracks/1/interp = 1
tracks/1/loop_wrap = true
tracks/1/imported = false
tracks/1/enabled = true
tracks/1/keys = {
"times": PoolRealArray( 0, 360, 361, 720 ),
"transitions": PoolRealArray( 1, 1, 1, 1 ),
"update": 0,
"values": [ Vector3( 0, -133.992, 0 ), Vector3( 0, -141.422, 0 ), Vector3( 0, 30.906, 0 ), Vector3( 0, 31.714, 0 ) ]
}

[sub_resource type="CylinderShape" id=7]
height = 12.6021
radius = 21.562

[node name="Main" type="Spatial"]
script = ExtResource( 14 )
static_fade_in = ExtResource( 34 )
static_short_burst = ExtResource( 35 )

[node name="ViewportContainer" type="ViewportContainer" parent="."]
material = ExtResource( 5 )
margin_right = 800.0
margin_bottom = 600.0
rect_pivot_offset = Vector2( 460, 238 )
__meta__ = {
"_edit_use_anchors_": false
}

[node name="Viewport" type="Viewport" parent="ViewportContainer"]
size = Vector2( 800, 600 )
handle_input_locally = false
render_target_update_mode = 3
audio_listener_enable_3d = true

[node name="ViewportContainer" type="ViewportContainer" parent="ViewportContainer/Viewport"]
material = ExtResource( 7 )
margin_right = 40.0
margin_bottom = 40.0
__meta__ = {
"_edit_use_anchors_": false
}

[node name="Viewport" type="Viewport" parent="ViewportContainer/Viewport/ViewportContainer"]
size = Vector2( 800, 600 )
handle_input_locally = false
render_target_update_mode = 3
audio_listener_enable_3d = true

[node name="ThemeMusic" type="AudioStreamPlayer" parent="ViewportContainer/Viewport/ViewportContainer/Viewport"]
stream = ExtResource( 28 )
volume_db = -6.0

[node name="Static" type="AudioStreamPlayer" parent="ViewportContainer/Viewport/ViewportContainer/Viewport"]

[node name="WorldEnvironment" type="WorldEnvironment" parent="ViewportContainer/Viewport/ViewportContainer/Viewport"]
environment = ExtResource( 29 )

[node name="OverlayCanvas" type="CanvasLayer" parent="ViewportContainer/Viewport/ViewportContainer/Viewport"]

[node name="ColorRect" type="ColorRect" parent="ViewportContainer/Viewport/ViewportContainer/Viewport/OverlayCanvas"]
margin_right = 800.0
margin_bottom = 600.0
color = Color( 0, 0, 0, 0 )

[node name="AnimationPlayer" type="AnimationPlayer" parent="ViewportContainer/Viewport/ViewportContainer/Viewport/OverlayCanvas"]
anims/fade_in = SubResource( 1 )
anims/fade_out = SubResource( 2 )

[node name="ControlsCanvas" type="CanvasLayer" parent="ViewportContainer/Viewport/ViewportContainer/Viewport"]
script = ExtResource( 37 )

[node name="Overlay" type="ColorRect" parent="ViewportContainer/Viewport/ViewportContainer/Viewport/ControlsCanvas"]
visible = false
margin_left = -50.0
margin_top = -50.0
margin_right = 800.0
margin_bottom = 600.0
color = Color( 0, 0, 0, 1 )

[node name="Move" type="RichTextLabel" parent="ViewportContainer/Viewport/ViewportContainer/Viewport/ControlsCanvas/Overlay"]
margin_left = 162.0
margin_top = 138.0
margin_right = 738.0
margin_bottom = 578.0
custom_fonts/normal_font = ExtResource( 27 )
bbcode_enabled = true
bbcode_text = "WASD to move"
text = "WASD to move"
scroll_active = false

[node name="ToggleFlashlight" type="RichTextLabel" parent="ViewportContainer/Viewport/ViewportContainer/Viewport/ControlsCanvas/Overlay"]
margin_left = 162.0
margin_top = 236.0
margin_right = 738.0
margin_bottom = 676.0
custom_fonts/normal_font = ExtResource( 27 )
bbcode_enabled = true
bbcode_text = "F to toggle flashlight"
text = "F to toggle flashlight"
scroll_active = false

[node name="Crouch" type="RichTextLabel" parent="ViewportContainer/Viewport/ViewportContainer/Viewport/ControlsCanvas/Overlay"]
margin_left = 162.0
margin_top = 334.0
margin_right = 738.0
margin_bottom = 774.0
custom_fonts/normal_font = ExtResource( 27 )
bbcode_enabled = true
bbcode_text = "SHIFT to crouch"
text = "SHIFT to crouch"
scroll_active = false

[node name="Continue" type="RichTextLabel" parent="ViewportContainer/Viewport/ViewportContainer/Viewport/ControlsCanvas/Overlay"]
margin_left = 162.0
margin_top = 432.0
margin_right = 738.0
margin_bottom = 872.0
custom_fonts/normal_font = ExtResource( 27 )
bbcode_enabled = true
bbcode_text = "click to continue"
text = "click to continue"
scroll_active = false

[node name="Label" type="Label" parent="ViewportContainer/Viewport/ViewportContainer/Viewport/ControlsCanvas/Overlay"]
margin_left = 75.0
margin_top = 594.0
margin_right = 300.0
margin_bottom = 644.0
custom_fonts/font = ExtResource( 48 )
text = "{version}"

[node name="ClickToStartCanvas" type="CanvasLayer" parent="ViewportContainer/Viewport/ViewportContainer/Viewport"]
pause_mode = 2
script = ExtResource( 47 )

[node name="Overlay" type="ColorRect" parent="ViewportContainer/Viewport/ViewportContainer/Viewport/ClickToStartCanvas"]
visible = false
margin_left = -50.0
margin_top = -50.0
margin_right = 800.0
margin_bottom = 600.0
color = Color( 0, 0, 0, 1 )

[node name="RichTextLabel" type="RichTextLabel" parent="ViewportContainer/Viewport/ViewportContainer/Viewport/ClickToStartCanvas/Overlay"]
margin_left = 285.0
margin_top = 300.0
margin_right = 1085.0
margin_bottom = 900.0
custom_fonts/normal_font = ExtResource( 27 )
bbcode_enabled = true
text = "click to play"
scroll_active = false

[node name="TitleCanvas" type="CanvasLayer" parent="ViewportContainer/Viewport/ViewportContainer/Viewport"]
offset = Vector2( 27.883, 26.566 )
transform = Transform2D( 1, 0, 0, 1, 27.883, 26.566 )

[node name="Label" type="Label" parent="ViewportContainer/Viewport/ViewportContainer/Viewport/TitleCanvas"]
visible = false
margin_top = 67.0
margin_right = 704.0
margin_bottom = 149.0
custom_fonts/font = ExtResource( 3 )
text = "The Wanderer"
align = 1
valign = 1
uppercase = true

[node name="Credits" type="CanvasLayer" parent="ViewportContainer/Viewport/ViewportContainer/Viewport"]
script = ExtResource( 39 )

[node name="Camera" type="Camera" parent="ViewportContainer/Viewport/ViewportContainer/Viewport/Credits"]
transform = Transform( 0.13018, -0.0655027, 0.989324, 0, 0.997815, 0.0660649, -0.99149, -0.00860034, 0.129896, -18.8723, -50.135, -24.4093 )

[node name="Light" type="SpotLight" parent="ViewportContainer/Viewport/ViewportContainer/Viewport/Credits/Camera"]
light_energy = 12.11
light_specular = 0.44
shadow_enabled = true
shadow_color = Color( 1, 1, 1, 1 )
spot_range = 12.933
spot_angle = 28.0016

[node name="Overlay" type="ColorRect" parent="ViewportContainer/Viewport/ViewportContainer/Viewport/Credits"]
visible = false
margin_left = -50.0
margin_top = -50.0
margin_right = 800.0
margin_bottom = 600.0
color = Color( 0, 0, 0, 1 )

[node name="AnimationPlayer" type="AnimationPlayer" parent="ViewportContainer/Viewport/ViewportContainer/Viewport/Credits"]
anims/barn = SubResource( 3 )
anims/campfire = SubResource( 4 )
anims/cemetery = SubResource( 5 )

[node name="RichTextLabel" type="RichTextLabel" parent="ViewportContainer/Viewport/ViewportContainer/Viewport/Credits"]
visible = false
margin_left = 15.0
margin_top = 525.0
margin_right = 800.0
margin_bottom = 600.0
custom_fonts/normal_font = ExtResource( 27 )
meta_underlined = false
text = "Good end. ENTER to play again."
scroll_active = false

[node name="PlayerStart" type="Position3D" parent="ViewportContainer/Viewport/ViewportContainer/Viewport"]
transform = Transform( 0.725603, 0, 0.688114, 0, 1, 0, -0.688114, 0, 0.725603, -58.485, 13.95, -53.63 )

[node name="CampfireVision" type="Position3D" parent="ViewportContainer/Viewport/ViewportContainer/Viewport"]
transform = Transform( 0.13018, 0, 0.991491, 0, 1, 0, -0.991491, 0, 0.13018, -22.899, 11.2, -24.93 )

[node name="Player" parent="ViewportContainer/Viewport/ViewportContainer/Viewport" instance=ExtResource( 2 )]
transform = Transform( 0.896448, 0, 0.44315, 0, 1, 0, -0.44315, 0, 0.896448, -60.4198, 15.1847, -39.5767 )
move_speed = 3

[node name="Cemetery" type="Spatial" parent="ViewportContainer/Viewport/ViewportContainer/Viewport"]
transform = Transform( 0.999997, 0, 0.00249588, 0, 1, 0, -0.00249588, 0, 0.999997, 44.4126, 4.23486, 26.1038 )

[node name="Gate" parent="ViewportContainer/Viewport/ViewportContainer/Viewport/Cemetery" instance=ExtResource( 9 )]
transform = Transform( 0.999797, 0.0201571, -5.05708e-07, -0.0201571, 0.999797, -5.03099e-05, -5.06872e-07, 5.03099e-05, 1, -9.00238, 0.680168, -0.0224915 )

[node name="Fences" type="Spatial" parent="ViewportContainer/Viewport/ViewportContainer/Viewport/Cemetery"]

[node name="fence" parent="ViewportContainer/Viewport/ViewportContainer/Viewport/Cemetery/Fences" instance=ExtResource( 17 )]
transform = Transform( -0.998736, 0.0502616, 3.06638e-06, 0.0502616, 0.998736, 0.000125452, 3.2417e-06, 0.000125447, -1, -2.19017, 0.277778, 0.107393 )

[node name="fence2" parent="ViewportContainer/Viewport/ViewportContainer/Viewport/Cemetery/Fences" instance=ExtResource( 17 )]
transform = Transform( 0.998736, 0.0502616, -3.15369e-06, -0.0502616, 0.998736, -0.000125447, -3.15439e-06, 0.000125447, 1, -6.39083, 0.489194, -0.0155907 )

[node name="fence3" parent="ViewportContainer/Viewport/ViewportContainer/Viewport/Cemetery/Fences" instance=ExtResource( 17 )]
transform = Transform( -0.996762, 0.0689381, -0.0414164, 0.0689902, 0.997617, 0.000172198, 0.0413296, -0.00268569, -0.999142, 2.22669, -0.123064, -0.0569248 )

[node name="fence4" parent="ViewportContainer/Viewport/ViewportContainer/Viewport/Cemetery/Fences" instance=ExtResource( 17 )]
transform = Transform( 0.996762, 0.0689381, 0.0414163, -0.0689902, 0.997617, -0.000172192, -0.0413296, -0.00268569, 0.999142, -1.97073, 0.16713, -0.00598717 )

[node name="fence5" parent="ViewportContainer/Viewport/ViewportContainer/Viewport/Cemetery/Fences" instance=ExtResource( 17 )]
transform = Transform( -0.998737, 0.0502616, 3.06731e-06, 0.0502616, 0.998736, 0.000125452, 3.2417e-06, 0.000125447, -1, -11.4148, 0.953839, 0.0843716 )

[node name="fence6" parent="ViewportContainer/Viewport/ViewportContainer/Viewport/Cemetery/Fences" instance=ExtResource( 17 )]
transform = Transform( 0.998737, 0.0502616, -3.15462e-06, -0.0502616, 0.998736, -0.000125447, -3.15439e-06, 0.000125447, 1, -15.6155, 1.16525, -0.0386143 )

[node name="fence7" parent="ViewportContainer/Viewport/ViewportContainer/Viewport/Cemetery/Fences" instance=ExtResource( 17 )]
transform = Transform( -0.997618, 0.0689902, 5.85965e-06, 0.0689902, 0.997617, 0.000172198, 6.03357e-06, 0.000172192, -1, -15.8538, 1.31863, 0.0732918 )

[node name="fence8" parent="ViewportContainer/Viewport/ViewportContainer/Viewport/Cemetery/Fences" instance=ExtResource( 17 )]
transform = Transform( 0.997631, 0.0688081, 7.71368e-07, -0.0686228, 0.994945, -0.0733227, -0.00504596, 0.0731488, 0.997308, -20.0498, 1.60882, -0.0497093 )

[node name="fence9" parent="ViewportContainer/Viewport/ViewportContainer/Viewport/Cemetery/Fences" instance=ExtResource( 17 )]
transform = Transform( -0.996498, 0.0836254, 8.65432e-06, 0.0836254, 0.996497, 0.000208727, 8.82917e-06, 0.00020872, -1, -20.2105, 1.42078, 0.062418 )

[node name="fence10" parent="ViewportContainer/Viewport/ViewportContainer/Viewport/Cemetery/Fences" instance=ExtResource( 17 )]
transform = Transform( 0.996498, 0.0836254, -8.74139e-06, -0.0836254, 0.996497, -0.00020872, -8.74186e-06, 0.00020872, 1, -24.4018, 1.77254, -0.0605602 )

[node name="fence11" parent="ViewportContainer/Viewport/ViewportContainer/Viewport/Cemetery/Fences" instance=ExtResource( 17 )]
transform = Transform( -0.994754, 0.102306, 1.30087e-05, 0.102306, 0.994753, 0.000255354, 1.31829e-05, 0.000255345, -1, -24.6349, 1.93378, 0.0513763 )

[node name="fence12" parent="ViewportContainer/Viewport/ViewportContainer/Viewport/Cemetery/Fences" instance=ExtResource( 17 )]
transform = Transform( 0.994716, 0.102676, 1.46648e-05, -0.101536, 0.983651, 0.14873, 0.0152566, -0.147946, 0.988878, -28.8196, 2.13154, 0.261854 )

[node name="fence45" parent="ViewportContainer/Viewport/ViewportContainer/Viewport/Cemetery/Fences" instance=ExtResource( 17 )]
transform = Transform( 0.988439, 0.0324368, 0.148118, -0.0309582, 0.999445, -0.0122783, -0.148434, 0.00755091, 0.988896, 2.6189, -0.45717, -0.284536 )

[node name="fence46" parent="ViewportContainer/Viewport/ViewportContainer/Viewport/Cemetery/Fences" instance=ExtResource( 17 )]
transform = Transform( -0.988439, 0.0324368, -0.148118, 0.0309582, 0.999445, 0.0122783, 0.148434, 0.00755091, -0.988896, 6.79454, -0.588893, -0.787212 )

[node name="fence47" parent="ViewportContainer/Viewport/ViewportContainer/Viewport/Cemetery/Fences" instance=ExtResource( 17 )]
transform = Transform( 0.988874, 0.0138799, 0.148119, -0.012202, 0.999851, -0.0122315, -0.148267, 0.0102881, 0.988895, 7.02537, -0.453986, -0.933266 )

[node name="fence48" parent="ViewportContainer/Viewport/ViewportContainer/Viewport/Cemetery/Fences" instance=ExtResource( 17 )]
transform = Transform( -0.988874, 0.0138799, -0.148119, 0.012202, 0.999851, 0.0122315, 0.148267, 0.0102881, -0.988895, 11.2028, -0.50681, -1.43522 )

[node name="fence49" parent="ViewportContainer/Viewport/ViewportContainer/Viewport/Cemetery/Fences" instance=ExtResource( 17 )]
transform = Transform( 0.98844, 0.0324368, 0.148118, -0.0309582, 0.999445, -0.0122783, -0.148434, 0.00755091, 0.988896, 11.3887, -0.559152, -1.57698 )

[node name="fence50" parent="ViewportContainer/Viewport/ViewportContainer/Viewport/Cemetery/Fences" instance=ExtResource( 17 )]
transform = Transform( -0.98844, 0.0324368, -0.148118, 0.0309582, 0.999445, 0.0122783, 0.148434, 0.00755091, -0.988896, 15.5644, -0.690877, -2.07965 )

[node name="fence51" parent="ViewportContainer/Viewport/ViewportContainer/Viewport/Cemetery/Fences" instance=ExtResource( 17 )]
transform = Transform( 0.988874, 0.0138799, 0.148119, -0.012202, 0.999851, -0.0122315, -0.148267, 0.0102881, 0.988895, 15.7952, -0.55597, -2.22572 )

[node name="fence52" parent="ViewportContainer/Viewport/ViewportContainer/Viewport/Cemetery/Fences" instance=ExtResource( 17 )]
transform = Transform( -0.988111, 0.00303126, -0.153732, 0.0125067, 0.998078, -0.0607049, 0.153253, -0.0619057, -0.986247, 19.9726, -0.608799, -2.72766 )

[node name="fence53" parent="ViewportContainer/Viewport/ViewportContainer/Viewport/Cemetery/Fences" instance=ExtResource( 17 )]
transform = Transform( 0.988972, -0.00064137, 0.148119, 0.00247476, 0.999923, -0.0121949, -0.1481, 0.0124269, 0.988896, 20.099, -0.807856, -2.86248 )

[node name="fence54" parent="ViewportContainer/Viewport/ViewportContainer/Viewport/Cemetery/Fences" instance=ExtResource( 17 )]
transform = Transform( -0.988972, -0.00064137, -0.148119, -0.00247476, 0.999923, 0.0121949, 0.1481, 0.0124269, -0.988896, 24.2769, -0.798948, -3.36374 )

[node name="fence55" parent="ViewportContainer/Viewport/ViewportContainer/Viewport/Cemetery/Fences" instance=ExtResource( 17 )]
transform = Transform( 0.988785, -0.0192025, 0.148119, 0.021234, 0.999701, -0.0121481, -0.147841, 0.015157, 0.988897, 24.5032, -0.655771, -3.50904 )

[node name="fence56" parent="ViewportContainer/Viewport/ViewportContainer/Viewport/Cemetery/Fences" instance=ExtResource( 17 )]
transform = Transform( -0.99095, 0.0017901, -0.134237, -0.00281888, 0.999413, 0.0341386, 0.134219, 0.0342084, -0.990362, 28.6125, -0.637434, -4.33912 )

[node name="fence13" parent="ViewportContainer/Viewport/ViewportContainer/Viewport/Cemetery/Fences" instance=ExtResource( 17 )]
transform = Transform( 0.0162693, -0.00115532, 0.999868, -0.0844101, 0.996428, 0.00252482, -0.9963, -0.0844398, 0.0161137, -29.324, 2.17523, 0.34601 )

[node name="fence14" parent="ViewportContainer/Viewport/ViewportContainer/Viewport/Cemetery/Fences" instance=ExtResource( 17 )]
transform = Transform( -0.0162694, -0.00115532, -0.999868, 0.0844101, 0.996428, -0.00252483, 0.9963, -0.0844398, -0.0161138, -29.1326, 1.82051, -3.84254 )

[node name="fence15" parent="ViewportContainer/Viewport/ViewportContainer/Viewport/Cemetery/Fences" instance=ExtResource( 17 )]
transform = Transform( 0.0162443, -0.00150717, 0.999868, -0.0657012, 0.997836, 0.00257152, -0.997708, -0.0657339, 0.0161102, -29.2407, 1.9402, -4.10103 )

[node name="fence16" parent="ViewportContainer/Viewport/ViewportContainer/Viewport/Cemetery/Fences" instance=ExtResource( 17 )]
transform = Transform( -0.0162444, -0.00150717, -0.999868, 0.0657012, 0.997836, -0.00257152, 0.997708, -0.0657339, -0.0161103, -29.0493, 1.66418, -8.29538 )

[node name="fence17" parent="ViewportContainer/Viewport/ViewportContainer/Viewport/Cemetery/Fences" instance=ExtResource( 17 )]
transform = Transform( 0.0756628, -0.00367867, 0.997127, -0.0513658, 0.998651, 0.00758197, -0.99581, -0.0517918, 0.0753717, -29.1217, 1.45108, -8.76256 )

[node name="fence18" parent="ViewportContainer/Viewport/ViewportContainer/Viewport/Cemetery/Fences" instance=ExtResource( 17 )]
transform = Transform( -0.0756629, -0.00367867, -0.997127, 0.0513657, 0.998651, -0.00758197, 0.99581, -0.0517918, -0.0753718, -28.6808, 1.23597, -12.9417 )

[node name="fence19" parent="ViewportContainer/Viewport/ViewportContainer/Viewport/Cemetery/Fences" instance=ExtResource( 17 )]
transform = Transform( 0.0755801, -0.00514424, 0.997127, -0.0326209, 0.999439, 0.00762875, -0.996607, -0.0331037, 0.0753698, -28.7743, 1.36353, -13.2021 )

[node name="fence20" parent="ViewportContainer/Viewport/ViewportContainer/Viewport/Cemetery/Fences" instance=ExtResource( 17 )]
transform = Transform( -0.0755802, -0.00514424, -0.997127, 0.0326209, 0.999439, -0.00762876, 0.996607, -0.0331037, -0.0753698, -28.3338, 1.22726, -17.3845 )

[node name="fence21" parent="ViewportContainer/Viewport/ViewportContainer/Viewport/Cemetery/Fences" instance=ExtResource( 17 )]
transform = Transform( 0.0756628, -0.00367867, 0.997127, -0.0513658, 0.998651, 0.00758197, -0.99581, -0.0517918, 0.0753717, -28.4297, 1.16852, -17.5961 )

[node name="fence22" parent="ViewportContainer/Viewport/ViewportContainer/Viewport/Cemetery/Fences" instance=ExtResource( 17 )]
transform = Transform( -0.0756629, -0.00367867, -0.997127, 0.0513658, 0.998651, -0.00758197, 0.99581, -0.0517918, -0.0753718, -27.9888, 0.953408, -21.7752 )

[node name="fence23" parent="ViewportContainer/Viewport/ViewportContainer/Viewport/Cemetery/Fences" instance=ExtResource( 17 )]
transform = Transform( 0.0755802, -0.00514424, 0.997127, -0.032621, 0.999439, 0.00762875, -0.996607, -0.0331037, 0.0753698, -28.0823, 1.08096, -22.0357 )

[node name="fence24" parent="ViewportContainer/Viewport/ViewportContainer/Viewport/Cemetery/Fences" instance=ExtResource( 17 )]
transform = Transform( -0.0705555, -0.0778982, -0.994462, 0.0330253, 0.996217, -0.0803787, 0.996962, -0.0385135, -0.067716, -27.6417, 0.944698, -26.2181 )

[node name="fence25" parent="ViewportContainer/Viewport/ViewportContainer/Viewport/Cemetery/Fences" instance=ExtResource( 17 )]
transform = Transform( 0.0754962, -0.00628956, 0.997126, -0.017948, 0.99981, 0.00766538, -0.996986, -0.018475, 0.0753688, -27.7414, 0.740488, -26.3669 )

[node name="fence26" parent="ViewportContainer/Viewport/ViewportContainer/Viewport/Cemetery/Fences" instance=ExtResource( 17 )]
transform = Transform( -0.0754963, -0.00628956, -0.997126, 0.017948, 0.99981, -0.00766538, 0.996986, -0.018475, -0.0753689, -27.3012, 0.665939, -30.5509 )

[node name="fence27" parent="ViewportContainer/Viewport/ViewportContainer/Viewport/Cemetery/Fences" instance=ExtResource( 17 )]
transform = Transform( 0.0753644, -0.00775153, 0.997126, 0.000812747, 0.99997, 0.0077122, -0.997156, 0.000229397, 0.0753684, -27.3951, 0.801859, -30.807 )

[node name="fence28" parent="ViewportContainer/Viewport/ViewportContainer/Viewport/Cemetery/Fences" instance=ExtResource( 17 )]
transform = Transform( -0.0905873, 0.139993, -0.986002, -0.0001645, 0.990069, 0.140586, 0.99589, 0.0128977, -0.0896645, -27.2879, 0.572293, -34.994 )

[node name="fence29" parent="ViewportContainer/Viewport/ViewportContainer/Viewport/Cemetery/Fences" instance=ExtResource( 17 )]
transform = Transform( -0.605089, 0.226108, -0.763379, -0.12343, 0.920591, 0.370511, 0.786534, 0.318415, -0.529132, -24.3184, 2.04191, -70.6719 )

[node name="fence30" parent="ViewportContainer/Viewport/ViewportContainer/Viewport/Cemetery/Fences" instance=ExtResource( 17 )]
transform = Transform( 0.0131046, 0.00142353, 0.999916, 0.0844101, 0.996428, -0.00252483, -0.996347, 0.0844357, 0.0129376, -25.0974, 1.97504, -66.4843 )

[node name="fence31" parent="ViewportContainer/Viewport/ViewportContainer/Viewport/Cemetery/Fences" instance=ExtResource( 17 )]
transform = Transform( -0.0130751, 0.00171596, -0.999916, -0.0657012, 0.997836, 0.00257152, 0.997757, 0.0657288, -0.012934, -24.9886, 2.09473, -66.2261 )

[node name="fence32" parent="ViewportContainer/Viewport/ViewportContainer/Viewport/Cemetery/Fences" instance=ExtResource( 17 )]
transform = Transform( 0.0130752, 0.00171596, 0.999916, 0.0657012, 0.997836, -0.00257152, -0.997757, 0.0657288, 0.0129341, -25.1666, 1.81871, -62.0311 )

[node name="fence33" parent="ViewportContainer/Viewport/ViewportContainer/Viewport/Cemetery/Fences" instance=ExtResource( 17 )]
transform = Transform( -0.072499, 0.00384317, -0.997362, -0.0513658, 0.998651, 0.00758197, 0.996045, 0.0517798, -0.0722041, -25.0927, 1.60561, -61.5642 )

[node name="fence34" parent="ViewportContainer/Viewport/ViewportContainer/Viewport/Cemetery/Fences" instance=ExtResource( 17 )]
transform = Transform( 0.0724991, 0.00384317, 0.997362, 0.0513657, 0.998651, -0.00758197, -0.996045, 0.0517798, 0.0722041, -25.5204, 1.3905, -57.3837 )

[node name="fence35" parent="ViewportContainer/Viewport/ViewportContainer/Viewport/Cemetery/Fences" instance=ExtResource( 17 )]
transform = Transform( -0.0724138, 0.00524937, -0.997361, -0.0326209, 0.999439, 0.00762875, 0.996842, 0.0330872, -0.0722021, -25.426, 1.51805, -57.1236 )

[node name="fence36" parent="ViewportContainer/Viewport/ViewportContainer/Viewport/Cemetery/Fences" instance=ExtResource( 17 )]
transform = Transform( 0.0724138, 0.00524937, 0.997361, 0.0326209, 0.999439, -0.00762876, -0.996842, 0.0330872, 0.0722022, -25.8532, 1.38179, -52.9398 )

[node name="fence37" parent="ViewportContainer/Viewport/ViewportContainer/Viewport/Cemetery/Fences" instance=ExtResource( 17 )]
transform = Transform( -0.0724991, 0.00384317, -0.997362, -0.0513658, 0.998651, 0.00758197, 0.996045, 0.0517798, -0.0722041, -25.7567, 1.32304, -52.7285 )

[node name="fence38" parent="ViewportContainer/Viewport/ViewportContainer/Viewport/Cemetery/Fences" instance=ExtResource( 17 )]
transform = Transform( 0.0724991, 0.00384317, 0.997362, 0.0513658, 0.998651, -0.00758197, -0.996045, 0.0517798, 0.0722041, -26.1843, 1.10792, -48.548 )

[node name="fence39" parent="ViewportContainer/Viewport/ViewportContainer/Viewport/Cemetery/Fences" instance=ExtResource( 17 )]
transform = Transform( -0.0724139, 0.00524937, -0.997361, -0.032621, 0.999439, 0.00762875, 0.996842, 0.0330872, -0.0722021, -26.09, 1.23549, -48.2879 )

[node name="fence40" parent="ViewportContainer/Viewport/ViewportContainer/Viewport/Cemetery/Fences" instance=ExtResource( 17 )]
transform = Transform( 0.0673886, 0.0780204, 0.994672, 0.0330253, 0.996217, -0.0803787, -0.997181, 0.0382659, 0.064557, -26.5172, 1.09923, -44.104 )

[node name="fence41" parent="ViewportContainer/Viewport/ViewportContainer/Viewport/Cemetery/Fences" instance=ExtResource( 17 )]
transform = Transform( -0.0723289, 0.00634821, -0.997361, -0.017948, 0.99981, 0.00766538, 0.997222, 0.018455, -0.0722014, -26.4172, 0.895019, -43.9557 )

[node name="fence42" parent="ViewportContainer/Viewport/ViewportContainer/Viewport/Cemetery/Fences" instance=ExtResource( 17 )]
transform = Transform( 0.072329, 0.00634821, 0.997361, 0.017948, 0.99981, -0.00766538, -0.997222, 0.018455, 0.0722015, -26.8441, 0.820464, -39.7702 )

[node name="fence43" parent="ViewportContainer/Viewport/ViewportContainer/Viewport/Cemetery/Fences" instance=ExtResource( 17 )]
transform = Transform( -0.0721967, 0.00775075, -0.99736, 0.000812747, 0.99997, 0.0077122, 0.997391, -0.000254018, -0.0722009, -26.7493, 0.956389, -39.5144 )

[node name="fence44" parent="ViewportContainer/Viewport/ViewportContainer/Viewport/Cemetery/Fences" instance=ExtResource( 17 )]
transform = Transform( 0.0874235, -0.140033, 0.986284, -0.0001645, 0.990069, 0.140586, -0.996172, -0.012453, 0.0865321, -26.8432, 0.726821, -35.3271 )

[node name="fence57" parent="ViewportContainer/Viewport/ViewportContainer/Viewport/Cemetery/Fences" instance=ExtResource( 17 )]
transform = Transform( 0.016272, -0.0011895, 0.999868, -0.0707172, 0.997494, 0.00233753, -0.997365, -0.0707458, 0.0161471, 28.4757, -0.849546, -4.41554 )

[node name="fence58" parent="ViewportContainer/Viewport/ViewportContainer/Viewport/Cemetery/Fences" instance=ExtResource( 17 )]
transform = Transform( -0.0162721, -0.0011895, -0.999868, 0.0707172, 0.997494, -0.00233754, 0.997365, -0.0707458, -0.0161472, 28.6671, -1.1467, -8.60856 )

[node name="fence59" parent="ViewportContainer/Viewport/ViewportContainer/Viewport/Cemetery/Fences" instance=ExtResource( 17 )]
transform = Transform( 0.0162464, -0.00154139, 0.999869, -0.0519906, 0.998645, 0.00238427, -0.998517, -0.0520222, 0.0161442, 28.559, -1.02348, -8.86539 )

[node name="fence60" parent="ViewportContainer/Viewport/ViewportContainer/Viewport/Cemetery/Fences" instance=ExtResource( 17 )]
transform = Transform( -0.0162464, -0.00154139, -0.999869, 0.0519906, 0.998645, -0.00238428, 0.998517, -0.0520222, -0.0161443, 28.7504, -1.24185, -13.0631 )

[node name="fence61" parent="ViewportContainer/Viewport/ViewportContainer/Viewport/Cemetery/Fences" instance=ExtResource( 17 )]
transform = Transform( 0.0756643, -0.00371292, 0.997127, -0.0376806, 0.999268, 0.00658018, -0.996421, -0.0380702, 0.075469, 28.6781, -1.44851, -13.5332 )

[node name="fence62" parent="ViewportContainer/Viewport/ViewportContainer/Viewport/Cemetery/Fences" instance=ExtResource( 17 )]
transform = Transform( -0.0756644, -0.00371292, -0.997127, 0.0376806, 0.999268, -0.00658019, 0.996421, -0.0380702, -0.0754691, 29.119, -1.60619, -17.7149 )

[node name="fence63" parent="ViewportContainer/Viewport/ViewportContainer/Viewport/Cemetery/Fences" instance=ExtResource( 17 )]
transform = Transform( 0.075581, -0.00517852, 0.997127, -0.0189266, 0.999799, 0.00662699, -0.996961, -0.019373, 0.0754677, 29.0254, -1.47507, -17.9735 )

[node name="fence64" parent="ViewportContainer/Viewport/ViewportContainer/Viewport/Cemetery/Fences" instance=ExtResource( 17 )]
transform = Transform( -0.0755811, -0.00517852, -0.997127, 0.0189266, 0.999799, -0.00662699, 0.996961, -0.019373, -0.0754677, 29.466, -1.55386, -22.1574 )

[node name="fence65" parent="ViewportContainer/Viewport/ViewportContainer/Viewport/Cemetery/Fences" instance=ExtResource( 17 )]
transform = Transform( 0.0756644, -0.00371292, 0.997127, -0.0376806, 0.999268, 0.00658018, -0.996422, -0.0380702, 0.075469, 29.3701, -1.60969, -22.3698 )

[node name="fence66" parent="ViewportContainer/Viewport/ViewportContainer/Viewport/Cemetery/Fences" instance=ExtResource( 17 )]
transform = Transform( -0.0756645, -0.00371292, -0.997127, 0.0376806, 0.999268, -0.00658019, 0.996422, -0.0380702, -0.0754691, 29.8109, -1.76737, -26.5515 )

[node name="fence67" parent="ViewportContainer/Viewport/ViewportContainer/Viewport/Cemetery/Fences" instance=ExtResource( 17 )]
transform = Transform( 0.075581, -0.00517851, 0.997127, -0.0189266, 0.999799, 0.00662699, -0.996961, -0.019373, 0.0754677, 29.7174, -1.63625, -26.8101 )

[node name="fence68" parent="ViewportContainer/Viewport/ViewportContainer/Viewport/Cemetery/Fences" instance=ExtResource( 17 )]
transform = Transform( -0.0705564, -0.0779323, -0.994459, 0.0193263, 0.99665, -0.0794751, 0.997322, -0.0248266, -0.0688138, 30.158, -1.71504, -30.9941 )

